0 264.279 96.5518 91.1972 315.177 0.901088 
0 116.548 151.006 81.1469 230.186 0.898127 
0 328.133 154.793 87.4923 315.756 0.881035 
0 43.8455 185.943 68.5386 206.477 0.866557 
0 409.302 213.52 113.363 262.258 0.857897 
0 387.049 157.047 77.2028 314.699 0.787555 
0 511.351 191.824 128.413 284.312 0.763739 
0 201.151 154.41 88.6926 264.238 0.697921 
0 189.434 120.007 91.1709 288.357 0.664303 
0 437.415 108.359 60.2517 111.734 0.601307 
38 47.1643 297.297 45.6089 97.9325 0.595354 
0 401.037 118.891 42.7777 97.2209 0.325042 
38 204.059 224.182 67.1224 115.025 0.241992 
0 407.28 118.843 36.0405 49.8011 0.220074 
38 101.042 299.618 41.9739 17.0329 0.209809 
38 236.455 216.08 46.8924 60.203 0.167618 
0 352.445 122.95 50.6771 86.2429 0.155477 
26 19.6179 235.72 49.6004 113.084 0.14736 
38 413.361 346.461 99.5162 97.4162 0.127323 
