62 4.3755 165.735 150.797 96.4147 0.909429 
56 293.684 217.972 60.1679 105.834 0.818993 
56 360.838 217.126 56.271 101.655 0.743695 
0 414.7 157.428 50.7849 140.413 0.713654 
72 444.491 168.182 67.7493 125.955 0.446976 
56 407.389 219.495 35.7286 91.5084 0.420243 
74 448.24 120.777 12.9428 20.9478 0.405514 
58 225.497 177.131 42.8098 37.6934 0.299884 
62 556.599 207.172 83.076 78.0638 0.188738 
56 215.1 232.395 82.7451 89.0696 0.181185 
0 429.554 159.448 35.6795 138.657 0.165831 
58 333.991 176.359 36.0597 55.4653 0.162625 
62 548.302 139.482 91.1891 75.6095 0.123225 
60 298.675 215.015 118.081 108.753 0.118463 
0 383.423 172.506 23.1662 43.5229 0.111029 
